19
14
18
11
15
12
25
17
6
18
15
23
1
20
25
16
12
1
16
13
6
14
10
10
6
2
19
17
11
8
15
22
4
13
18
19
13
5
22
2
4
20
18
9
12
9
20
20
20
13
11
23
14
17
25
16
17
2
10
16
24
0
10
18
4
6
18
1
8
1
6
2
25
15
15
21
11
1
6
0
3
0
2
2
17
6
4
23
24
7
13
8
1
24
0
5
6
7
21
20
14
24
25
17
15
18
23
16
2
5
15
20
15
16
19
11
13
25
25
19
9
10
14
18
10
16
12
10
1
10
1
24
11
7
10
12
6
1
24
23
5
21
7
23
22
22
1
23
23
0
3
25
17
23
21
11
9
9
24
24
25
25
22
4
20
5
12
7
23
9
9
20
16
17
14
24
22
25
0
4
13
21
15
2
18
18
3
3
4
13
12
20
21
4
19
1
12
13
15
10
0
1
8
4
23
24
25
10
10
9
14
0
11
7
10
21
7
8
17
15
20
6
8
19
17
13
23
3
3
1
10
2
16
4
3
9
25
18
10
23
0
25
24
20
21
9
1
10
10
13
23
22
10
9
15
10
17
3
24
4
9
0
16
8
5
9
6
13
12
8
23
18
0
23
1
6
13
24
24
21
25
21
7
0
7
4
6
20
19
6
0
10
3
11
18
16
13
17
10
2
14
20
11
23
18
19
19
18
10
0
0
25
0
21
8
23
2
2
15
6
18
10
9
11
20
5
7
1
16
18
8
18
7
7
1
22
7
15
9
10
10
20
17
20
3
7
10
14
9
21
5
25
2
17
1
25
5
14
14
20
24
18
12
23
22
14
19
10
1
8
10
21
11
15
7
9
5
19
12
2
20
6
0
24
10
11
6
19
4
21
0
21
7
11
3
14
5
3
20
22
