13
7
15
21
17
5
1
16
25
20
15
24
19
20
22
11
22
17
1
23
18
1
16
1
12
16
4
3
6
3
2
3
8
11
16
20
1
5
6
2
5
4
5
7
15
18
13
24
9
14
13
12
10
10
13
10
8
17
3
6
21
15
22
12
10
12
13
18
7
22
17
7
0
8
19
8
5
19
10
0
14
1
12
14
12
7
21
24
13
24
12
23
12
16
5
8
25
21
8
14
10
15
23
12
18
18
14
6
17
2
1
20
6
16
17
9
5
25
10
20
11
11
23
23
7
17
20
11
25
21
14
9
6
14
13
10
15
4
11
3
19
8
21
0
16
5
14
10
15
18
21
18
13
12
24
1
15
10
1
4
6
24
8
24
16
8
18
2
10
18
23
25
1
11
6
25
17
25
22
18
11
9
3
11
11
17
2
11
14
0
25
13
3
6
23
21
3
10
10
8
19
20
1
9
24
10
21
10
15
13
21
8
17
25
1
19
4
19
4
21
25
15
20
16
2
11
23
6
2
5
25
8
13
4
3
7
0
17
10
14
23
24
9
16
10
12
6
8
24
7
0
20
20
7
1
9
12
4
22
8
20
5
14
9
21
16
16
21
15
12
19
16
0
13
22
15
17
16
17
17
0
13
17
15
5
11
21
18
25
0
25
22
6
18
11
24
22
15
15
18
14
4
21
18
12
19
2
19
21
15
7
7
13
21
22
14
2
14
6
21
11
23
6
7
12
19
16
5
23
16
19
1
10
23
7
5
7
1
24
25
21
7
15
5
13
21
13
14
1
0
7
20
12
2
7
20
20
19
1
22
2
6
23
1
14
22
2
10
18
12
13
12
11
17
0
23
5
23
2
16
18
25
25
12
17
4
12
18
13
12
23
18
8
8
9
24
17
11
4
22
